xpbc=45.98299980163574
ypbc=45.95699882507324
zpbc=45.94700050354004
